0000000000
0000000007
0000000070
0000000077
0000000700
0000000707
0000000770
0000000777
0000007000
0000007007
0000007070
0000007077
0000007700
0000007707
0000007770
0000007777
0000070000
0000070007
0000070070
0000070077
0000070700
0000070707
0000070770
0000070777
0000077000
0000077007
0000077070
0000077077
0000077700
0000077707
0000077770
0000077777
0000700000
0000700007
0000700070
0000700077
0000700700
0000700707
0000700770
0000700777
0000707000
0000707007
0000707070
0000707077
0000707700
0000707707
0000707770
0000707777
0000770000
0000770007
0000770070
0000770077
0000770700
0000770707
0000770770
0000770777
0000777000
0000777007
0000777070
0000777077
0000777700
0000777707
0000777770
0000777777
0007000000
0007000007
0007000070
0007000077
0007000700
0007000707
0007000770
0007000777
0007007000
0007007007
0007007070
0007007077
0007007700
0007007707
0007007770
0007007777
0007070000
0007070007
0007070070
0007070077
0007070700
0007070707
0007070770
0007070777
0007077000
0007077007
0007077070
0007077077
0007077700
0007077707
0007077770
0007077777
0007700000
0007700007
0007700070
0007700077
0007700700
0007700707
0007700770
0007700777
0007707000
0007707007
0007707070
0007707077
0007707700
0007707707
0007707770
0007707777
0007770000
0007770007
0007770070
0007770077
0007770700
0007770707
0007770770
0007770777
0007777000
0007777007
0007777070
0007777077
0007777700
0007777707
0007777770
0007777777
0070000000
0070000007
0070000070
0070000077
0070000700
0070000707
0070000770
0070000777
0070007000
0070007007
0070007070
0070007077
0070007700
0070007707
0070007770
0070007777
0070070000
0070070007
0070070070
0070070077
0070070700
0070070707
0070070770
0070070777
0070077000
0070077007
0070077070
0070077077
0070077700
0070077707
0070077770
0070077777
0070700000
0070700007
0070700070
0070700077
0070700700
0070700707
0070700770
0070700777
0070707000
0070707007
0070707070
0070707077
0070707700
0070707707
0070707770
0070707777
0070770000
0070770007
0070770070
0070770077
0070770700
0070770707
0070770770
0070770777
0070777000
0070777007
0070777070
0070777077
0070777700
0070777707
0070777770
0070777777
0077000000
0077000007
0077000070
0077000077
0077000700
0077000707
0077000770
0077000777
0077007000
0077007007
0077007070
0077007077
0077007700
0077007707
0077007770
0077007777
0077070000
0077070007
0077070070
0077070077
0077070700
0077070707
0077070770
0077070777
0077077000
0077077007
0077077070
0077077077
0077077700
0077077707
0077077770
0077077777
0077700000
0077700007
0077700070
0077700077
0077700700
0077700707
0077700770
0077700777
0077707000
0077707007
0077707070
0077707077
0077707700
0077707707
0077707770
0077707777
0077770000
0077770007
0077770070
0077770077
0077770700
0077770707
0077770770
0077770777
0077777000
0077777007
0077777070
0077777077
0077777700
0077777707
0077777770
0077777777
0700000000
0700000007
0700000070
0700000077
0700000700
0700000707
0700000770
0700000777
0700007000
0700007007
0700007070
0700007077
0700007700
0700007707
0700007770
0700007777
0700070000
0700070007
0700070070
0700070077
0700070700
0700070707
0700070770
0700070777
0700077000
0700077007
0700077070
0700077077
0700077700
0700077707
0700077770
0700077777
0700700000
0700700007
0700700070
0700700077
0700700700
0700700707
0700700770
0700700777
0700707000
0700707007
0700707070
0700707077
0700707700
0700707707
0700707770
0700707777
0700770000
0700770007
0700770070
0700770077
0700770700
0700770707
0700770770
0700770777
0700777000
0700777007
0700777070
0700777077
0700777700
0700777707
0700777770
0700777777
0707000000
0707000007
0707000070
0707000077
0707000700
0707000707
0707000770
0707000777
0707007000
0707007007
0707007070
0707007077
0707007700
0707007707
0707007770
0707007777
0707070000
0707070007
0707070070
0707070077
0707070700
0707070707
0707070770
0707070777
0707077000
0707077007
0707077070
0707077077
0707077700
0707077707
0707077770
0707077777
0707700000
0707700007
0707700070
0707700077
0707700700
0707700707
0707700770
0707700777
0707707000
0707707007
0707707070
0707707077
0707707700
0707707707
0707707770
0707707777
0707770000
0707770007
0707770070
0707770077
0707770700
0707770707
0707770770
0707770777
0707777000
0707777007
0707777070
0707777077
0707777700
0707777707
0707777770
0707777777
0770000000
0770000007
0770000070
0770000077
0770000700
0770000707
0770000770
0770000777
0770007000
0770007007
0770007070
0770007077
0770007700
0770007707
0770007770
0770007777
0770070000
0770070007
0770070070
0770070077
0770070700
0770070707
0770070770
0770070777
0770077000
0770077007
0770077070
0770077077
0770077700
0770077707
0770077770
0770077777
0770700000
0770700007
0770700070
0770700077
0770700700
0770700707
0770700770
0770700777
0770707000
0770707007
0770707070
0770707077
0770707700
0770707707
0770707770
0770707777
0770770000
0770770007
0770770070
0770770077
0770770700
0770770707
0770770770
0770770777
0770777000
0770777007
0770777070
0770777077
0770777700
0770777707
0770777770
0770777777
0777000000
0777000007
0777000070
0777000077
0777000700
0777000707
0777000770
0777000777
0777007000
0777007007
0777007070
0777007077
0777007700
0777007707
0777007770
0777007777
0777070000
0777070007
0777070070
0777070077
0777070700
0777070707
0777070770
0777070777
0777077000
0777077007
0777077070
0777077077
0777077700
0777077707
0777077770
0777077777
0777700000
0777700007
0777700070
0777700077
0777700700
0777700707
0777700770
0777700777
0777707000
0777707007
0777707070
0777707077
0777707700
0777707707
0777707770
0777707777
0777770000
0777770007
0777770070
0777770077
0777770700
0777770707
0777770770
0777770777
0777777000
0777777007
0777777070
0777777077
0777777700
0777777707
0777777770
0777777777
7000000000
7000000007
7000000070
7000000077
7000000700
7000000707
7000000770
7000000777
7000007000
7000007007
7000007070
7000007077
7000007700
7000007707
7000007770
7000007777
7000070000
7000070007
7000070070
7000070077
7000070700
7000070707
7000070770
7000070777
7000077000
7000077007
7000077070
7000077077
7000077700
7000077707
7000077770
7000077777
7000700000
7000700007
7000700070
7000700077
7000700700
7000700707
7000700770
7000700777
7000707000
7000707007
7000707070
7000707077
7000707700
7000707707
7000707770
7000707777
7000770000
7000770007
7000770070
7000770077
7000770700
7000770707
7000770770
7000770777
7000777000
7000777007
7000777070
7000777077
7000777700
7000777707
7000777770
7000777777
7007000000
7007000007
7007000070
7007000077
7007000700
7007000707
7007000770
7007000777
7007007000
7007007007
7007007070
7007007077
7007007700
7007007707
7007007770
7007007777
7007070000
7007070007
7007070070
7007070077
7007070700
7007070707
7007070770
7007070777
7007077000
7007077007
7007077070
7007077077
7007077700
7007077707
7007077770
7007077777
7007700000
7007700007
7007700070
7007700077
7007700700
7007700707
7007700770
7007700777
7007707000
7007707007
7007707070
7007707077
7007707700
7007707707
7007707770
7007707777
7007770000
7007770007
7007770070
7007770077
7007770700
7007770707
7007770770
7007770777
7007777000
7007777007
7007777070
7007777077
7007777700
7007777707
7007777770
7007777777
7070000000
7070000007
7070000070
7070000077
7070000700
7070000707
7070000770
7070000777
7070007000
7070007007
7070007070
7070007077
7070007700
7070007707
7070007770
7070007777
7070070000
7070070007
7070070070
7070070077
7070070700
7070070707
7070070770
7070070777
7070077000
7070077007
7070077070
7070077077
7070077700
7070077707
7070077770
7070077777
7070700000
7070700007
7070700070
7070700077
7070700700
7070700707
7070700770
7070700777
7070707000
7070707007
7070707070
7070707077
7070707700
7070707707
7070707770
7070707777
7070770000
7070770007
7070770070
7070770077
7070770700
7070770707
7070770770
7070770777
7070777000
7070777007
7070777070
7070777077
7070777700
7070777707
7070777770
7070777777
7077000000
7077000007
7077000070
7077000077
7077000700
7077000707
7077000770
7077000777
7077007000
7077007007
7077007070
7077007077
7077007700
7077007707
7077007770
7077007777
7077070000
7077070007
7077070070
7077070077
7077070700
7077070707
7077070770
7077070777
7077077000
7077077007
7077077070
7077077077
7077077700
7077077707
7077077770
7077077777
7077700000
7077700007
7077700070
7077700077
7077700700
7077700707
7077700770
7077700777
7077707000
7077707007
7077707070
7077707077
7077707700
7077707707
7077707770
7077707777
7077770000
7077770007
7077770070
7077770077
7077770700
7077770707
7077770770
7077770777
7077777000
7077777007
7077777070
7077777077
7077777700
7077777707
7077777770
7077777777
7700000000
7700000007
7700000070
7700000077
7700000700
7700000707
7700000770
7700000777
7700007000
7700007007
7700007070
7700007077
7700007700
7700007707
7700007770
7700007777
7700070000
7700070007
7700070070
7700070077
7700070700
7700070707
7700070770
7700070777
7700077000
7700077007
7700077070
7700077077
7700077700
7700077707
7700077770
7700077777
7700700000
7700700007
7700700070
7700700077
7700700700
7700700707
7700700770
7700700777
7700707000
7700707007
7700707070
7700707077
7700707700
7700707707
7700707770
7700707777
7700770000
7700770007
7700770070
7700770077
7700770700
7700770707
7700770770
7700770777
7700777000
7700777007
7700777070
7700777077
7700777700
7700777707
7700777770
7700777777
7707000000
7707000007
7707000070
7707000077
7707000700
7707000707
7707000770
7707000777
7707007000
7707007007
7707007070
7707007077
7707007700
7707007707
7707007770
7707007777
7707070000
7707070007
7707070070
7707070077
7707070700
7707070707
7707070770
7707070777
7707077000
7707077007
7707077070
7707077077
7707077700
7707077707
7707077770
7707077777
7707700000
7707700007
7707700070
7707700077
7707700700
7707700707
7707700770
7707700777
7707707000
7707707007
7707707070
7707707077
7707707700
7707707707
7707707770
7707707777
7707770000
7707770007
7707770070
7707770077
7707770700
7707770707
7707770770
7707770777
7707777000
7707777007
7707777070
7707777077
7707777700
7707777707
7707777770
7707777777
7770000000
7770000007
7770000070
7770000077
7770000700
7770000707
7770000770
7770000777
7770007000
7770007007
7770007070
7770007077
7770007700
7770007707
7770007770
7770007777
7770070000
7770070007
7770070070
7770070077
7770070700
7770070707
7770070770
7770070777
7770077000
7770077007
7770077070
7770077077
7770077700
7770077707
7770077770
7770077777
7770700000
7770700007
7770700070
7770700077
7770700700
7770700707
7770700770
7770700777
7770707000
7770707007
7770707070
7770707077
7770707700
7770707707
7770707770
7770707777
7770770000
7770770007
7770770070
7770770077
7770770700
7770770707
7770770770
7770770777
7770777000
7770777007
7770777070
7770777077
7770777700
7770777707
7770777770
7770777777
7777000000
7777000007
7777000070
7777000077
7777000700
7777000707
7777000770
7777000777
7777007000
7777007007
7777007070
7777007077
7777007700
7777007707
7777007770
7777007777
7777070000
7777070007
7777070070
7777070077
7777070700
7777070707
7777070770
7777070777
7777077000
7777077007
7777077070
7777077077
7777077700
7777077707
7777077770
7777077777
7777700000
7777700007
7777700070
7777700077
7777700700
7777700707
7777700770
7777700777
7777707000
7777707007
7777707070
7777707077
7777707700
7777707707
7777707770
7777707777
7777770000
7777770007
7777770070
7777770077
7777770700
7777770707
7777770770
7777770777
7777777000
7777777007
7777777070
7777777077
7777777700
7777777707
7777777770
7777777777
